# i j x_cm y_cm lat lon Observations
0 0 25.0000 -15.5000 49.2763 -131.7989 5
0 1 25.0000 -14.2300 50.1031 -129.6485 5
0 2 25.0000 -12.9600 50.8800 -127.4022 5
0 3 25.0000 -11.6900 51.6024 -125.0608 8
0 4 25.0000 -10.4200 52.2659 -122.6264 8
0 5 25.0000 -9.1500 52.8661 -120.1026 7
0 6 25.0000 -7.8800 53.3987 -117.4949 8
0 7 25.0000 -6.6100 53.8599 -114.8101 7
0 8 25.0000 -5.3400 54.2460 -112.0572 8
0 9 25.0000 -4.0700 54.5538 -109.2466 5
0 10 25.0000 -2.8000 54.7807 -106.3905 5
0 11 25.0000 -1.5300 54.9246 -103.5021 5
0 12 25.0000 -0.2600 54.9843 -100.5959 5
0 13 25.0000 1.0100 54.9593 -97.6865 4
0 14 25.0000 2.2800 54.8497 -94.7890 4
0 15 25.0000 3.5500 54.6566 -91.9180 5
0 16 25.0000 4.8200 54.3817 -89.0873 6
0 17 25.0000 6.0900 54.0273 -86.3094 6
0 18 25.0000 7.3600 53.5964 -83.5956 5
0 19 25.0000 8.6300 53.0926 -80.9553 5
0 20 25.0000 9.9000 52.5195 -78.3964 5
0 21 25.0000 11.1700 51.8814 -75.9249 7
0 22 25.0000 12.4400 51.1826 -73.5451 7
0 23 25.0000 13.7100 50.4275 -71.2596 9
0 24 25.0000 14.9800 49.6206 -69.0700 10
0 25 25.0000 16.2500 48.7662 -66.9761 11
0 26 25.0000 17.5200 47.8687 -64.9772 9
1 0 26.2700 -15.5000 47.9015 -130.5417 4
1 1 26.2700 -14.2300 48.6911 -128.4436 5
1 2 26.2700 -12.9600 49.4317 -126.2589 6
1 3 26.2700 -11.6900 50.1192 -123.9888 7
1 4 26.2700 -10.4200 50.7497 -121.6358 7
1 5 26.2700 -9.1500 51.3192 -119.2035 8
1 6 26.2700 -7.8800 51.8240 -116.6972 8
1 7 26.2700 -6.6100 52.2604 -114.1235 6
1 8 26.2700 -5.3400 52.6253 -111.4902 7
1 9 26.2700 -4.0700 52.9160 -108.8068 6
1 10 26.2700 -2.8000 53.1301 -106.0839 6
1 11 26.2700 -1.5300 53.2658 -103.3332 6
1 12 26.2700 -0.2600 53.3221 -100.5671 6
1 13 26.2700 1.0100 53.2985 -97.7982 6
1 14 26.2700 2.2800 53.1952 -95.0397 5
1 15 26.2700 3.5500 53.0130 -92.3039 5
1 16 26.2700 4.8200 52.7535 -89.6031 5
1 17 26.2700 6.0900 52.4186 -86.9481 5
1 18 26.2700 7.3600 52.0111 -84.3489 6
1 19 26.2700 8.6300 51.5339 -81.8140 6
1 20 26.2700 9.9000 50.9905 -79.3508 6
1 21 26.2700 11.1700 50.3845 -76.9648 7
1 22 26.2700 12.4400 49.7198 -74.6604 10
1 23 26.2700 13.7100 49.0005 -72.4405 9
1 24 26.2700 14.9800 48.2304 -70.3068 10
1 25 26.2700 16.2500 47.4138 -68.2600 12
1 26 26.2700 17.5200 46.5546 -66.2999 10
2 0 27.5400 -15.5000 46.5222 -129.3716 4
2 1 27.5400 -14.2300 47.2766 -127.3255 6
2 2 27.5400 -12.9600 47.9831 -125.2011 6
2 3 27.5400 -11.6900 48.6381 -122.9999 8
2 4 27.5400 -10.4200 49.2379 -120.7246 9
2 5 27.5400 -9.1500 49.7789 -118.3788 8
2 6 27.5400 -7.8800 50.2578 -115.9674 9
2 7 27.5400 -6.6100 50.6714 -113.4965 6
2 8 27.5400 -5.3400 51.0170 -110.9735 6
2 9 27.5400 -4.0700 51.2919 -108.4066 6
2 10 27.5400 -2.8000 51.4943 -105.8053 5
2 11 27.5400 -1.5300 51.6226 -103.1798 7
2 12 27.5400 -0.2600 51.6758 -100.5409 6
2 13 27.5400 1.0100 51.6535 -97.8997 8
2 14 27.5400 2.2800 51.5558 -95.2674 7
2 15 27.5400 3.5500 51.3837 -92.6549 9
2 16 27.5400 4.8200 51.1382 -90.0727 6
2 17 27.5400 6.0900 50.8213 -87.5307 6
2 18 27.5400 7.3600 50.4352 -85.0375 7
2 19 27.5400 8.6300 49.9827 -82.6010 8
2 20 27.5400 9.9000 49.4667 -80.2276 9
2 21 27.5400 11.1700 48.8906 -77.9229 10
2 22 27.5400 12.4400 48.2578 -75.6910 10
2 23 27.5400 13.7100 47.5719 -73.5349 13
2 24 27.5400 14.9800 46.8367 -71.4566 12
2 25 27.5400 16.2500 46.0558 -69.4572 11
2 26 27.5400 17.5200 45.2329 -67.5369 11
3 0 28.8100 -15.5000 45.1409 -128.2806 4
3 1 28.8100 -14.2300 45.8620 -126.2860 5
3 2 28.8100 -12.9600 46.5365 -124.2203 7
3 3 28.8100 -11.6900 47.1610 -122.0854 7
3 4 28.8100 -10.4200 47.7321 -119.8840 9
3 5 28.8100 -9.1500 48.2466 -117.6197 10
3 6 28.8100 -7.8800 48.7016 -115.2972 9
3 7 28.8100 -6.6100 49.0941 -112.9220 6
3 8 28.8100 -5.3400 49.4217 -110.5007 9
3 9 28.8100 -4.0700 49.6823 -108.0410 9
3 10 28.8100 -2.8000 49.8739 -105.5511 10
3 11 28.8100 -1.5300 49.9953 -103.0399 9
3 12 28.8100 -0.2600 50.0457 -100.5171 10
3 13 28.8100 1.0100 50.0246 -97.9922 9
3 14 28.8100 2.2800 49.9322 -95.4751 8
3 15 28.8100 3.5500 49.7691 -92.9754 7
3 16 28.8100 4.8200 49.5366 -90.5022 8
3 17 28.8100 6.0900 49.2362 -88.0642 7
3 18 28.8100 7.3600 48.8700 -85.6693 8
3 19 28.8100 8.6300 48.4403 -83.3245 8
3 20 28.8100 9.9000 47.9498 -81.0357 9
3 21 28.8100 11.1700 47.4014 -78.8081 13
3 22 28.8100 12.4400 46.7984 -76.6456 14
3 23 28.8100 13.7100 46.1440 -74.5513 16
3 24 28.8100 14.9800 45.4416 -72.5274 11
3 25 28.8100 16.2500 44.6945 -70.5753 10
3 26 28.8100 17.5200 43.9062 -68.6953 10
4 0 30.0800 -15.5000 43.7596 -127.2617 5
4 1 30.0800 -14.2300 44.4494 -125.3175 8
4 2 30.0800 -12.9600 45.0937 -123.3088 7
4 3 30.0800 -11.6900 45.6895 -121.2376 8
4 4 30.0800 -10.4200 46.2338 -119.1066 9
4 5 30.0800 -9.1500 46.7237 -116.9192 12
4 6 30.0800 -7.8800 47.1564 -114.6798 10
4 7 30.0800 -6.6100 47.5294 -112.3936 9
4 8 30.0800 -5.3400 47.8405 -110.0666 10
4 9 30.0800 -4.0700 48.0877 -107.7057 11
4 10 30.0800 -2.8000 48.2694 -105.3181 10
4 11 30.0800 -1.5300 48.3845 -102.9118 10
4 12 30.0800 -0.2600 48.4323 -100.4952 11
4 13 30.0800 1.0100 48.4123 -98.0769 10
4 14 30.0800 2.2800 48.3247 -95.6654 11
4 15 30.0800 3.5500 48.1701 -93.2692 9
4 16 30.0800 4.8200 47.9495 -90.8964 10
4 17 30.0800 6.0900 47.6644 -88.5546 10
4 18 30.0800 7.3600 47.3164 -86.2510 11
4 19 30.0800 8.6300 46.9079 -83.9917 13
4 20 30.0800 9.9000 46.4411 -81.7825 11
4 21 30.0800 11.1700 45.9188 -79.6279 14
4 22 30.0800 12.4400 45.3437 -77.5318 14
4 23 30.0800 13.7100 44.7189 -75.4972 16
4 24 30.0800 14.9800 44.0473 -73.5265 15
4 25 30.0800 16.2500 43.3323 -71.6209 13
4 26 30.0800 17.5200 42.5767 -69.7815 12
5 0 31.3500 -15.5000 42.3803 -126.3086 5
5 1 31.3500 -14.2300 43.0404 -124.4137 7
5 2 31.3500 -12.9600 43.6563 -122.4601 8
5 3 31.3500 -11.6900 44.2252 -120.4498 9
5 4 31.3500 -10.4200 44.7444 -118.3856 9
5 5 31.3500 -9.1500 45.2112 -116.2707 11
5 6 31.3500 -7.8800 45.6232 -114.1093 11
5 7 31.3500 -6.6100 45.9781 -111.9062 9
5 8 31.3500 -5.3400 46.2738 -109.6667 11
5 9 31.3500 -4.0700 46.5087 -107.3970 14
5 10 31.3500 -2.8000 46.6813 -105.1038 11
5 11 31.3500 -1.5300 46.7906 -102.7940 14
5 12 31.3500 -0.2600 46.8359 -100.4752 13
5 13 31.3500 1.0100 46.8169 -98.1547 12
5 14 31.3500 2.2800 46.7338 -95.8404 12
5 15 31.3500 3.5500 46.5870 -93.5395 11
5 16 31.3500 4.8200 46.3774 -91.2593 12
5 17 31.3500 6.0900 46.1064 -89.0067 12
5 18 31.3500 7.3600 45.7755 -86.7880 13
5 19 31.3500 8.6300 45.3867 -84.6089 16
5 20 31.3500 9.9000 44.9420 -82.4744 14
5 21 31.3500 11.1700 44.4440 -80.3890 14
5 22 31.3500 12.4400 43.8951 -78.3563 17
5 23 31.3500 13.7100 43.2981 -76.3793 16
5 24 31.3500 14.9800 42.6557 -74.4601 16
5 25 31.3500 16.2500 41.9710 -72.6004 13
5 26 31.3500 17.5200 41.2466 -70.8013 13
6 0 32.6200 -15.5000 41.0047 -125.4156 5
6 1 32.6200 -14.2300 41.6367 -123.5685 7
6 2 32.6200 -12.9600 42.2258 -121.6680 8
6 3 32.6200 -11.6900 42.7694 -119.7161 9
6 4 32.6200 -10.4200 43.2651 -117.7153 11
6 5 32.6200 -9.1500 43.7103 -115.6690 10
6 6 32.6200 -7.8800 44.1030 -113.5807 11
6 7 32.6200 -6.6100 44.4409 -111.4551 13
6 8 32.6200 -5.3400 44.7224 -109.2970 14
6 9 32.6200 -4.0700 44.9459 -107.1120 16
6 10 32.6200 -2.8000 45.1100 -104.9061 13
6 11 32.6200 -1.5300 45.2139 -102.6854 14
6 12 32.6200 -0.2600 45.2569 -100.4567 15
6 13 32.6200 1.0100 45.2389 -98.2265 15
6 14 32.6200 2.2800 45.1599 -96.0018 15
6 15 32.6200 3.5500 45.0203 -93.7890 15
6 16 32.6200 4.8200 44.8210 -91.5947 14
6 17 32.6200 6.0900 44.5631 -89.4249 13
6 18 32.6200 7.3600 44.2481 -87.2853 14
6 19 32.6200 8.6300 43.8776 -85.1812 14
6 20 32.6200 9.9000 43.4536 -83.1172 14
6 21 32.6200 11.1700 42.9783 -81.0974 18
6 22 32.6200 12.4400 42.4540 -79.1251 17
6 23 32.6200 13.7100 41.8832 -77.2033 16
6 24 32.6200 14.9800 41.2684 -75.3341 17
6 25 32.6200 16.2500 40.6124 -73.5193 15
6 26 32.6200 17.5200 39.9176 -71.7600 14
7 0 33.8900 -15.5000 39.6341 -124.5776 4
7 1 33.8900 -14.2300 40.2396 -122.7769 6
7 2 33.8900 -12.9600 40.8034 -120.9275 8
7 3 33.8900 -11.6900 41.3233 -119.0313 9
7 4 33.8900 -10.4200 41.7968 -117.0908 12
7 5 33.8900 -9.1500 42.2219 -115.1091 12
7 6 33.8900 -7.8800 42.5964 -113.0897 13
7 7 33.8900 -6.6100 42.9186 -111.0366 14
7 8 33.8900 -5.3400 43.1868 -108.9544 15
7 9 33.8900 -4.0700 43.3996 -106.8481 15
7 10 33.8900 -2.8000 43.5558 -104.7231 15
7 11 33.8900 -1.5300 43.6547 -102.5849 17
7 12 33.8900 -0.2600 43.6957 -100.4396 16
7 13 33.8900 1.0100 43.6785 -98.2930 17
7 14 33.8900 2.2800 43.6033 -96.1511 17
7 15 33.8900 3.5500 43.4704 -94.0200 15
7 16 33.8900 4.8200 43.2807 -91.9054 16
7 17 33.8900 6.0900 43.0350 -89.8127 15
7 18 33.8900 7.3600 42.7348 -87.7472 18
7 19 33.8900 8.6300 42.3814 -85.7134 13
7 20 33.8900 9.9000 41.9768 -83.7158 16
7 21 33.8900 11.1700 41.5229 -81.7580 19
7 22 33.8900 12.4400 41.0217 -79.8433 17
7 23 33.8900 13.7100 40.4756 -77.9745 17
7 24 33.8900 14.9800 39.8869 -76.1537 17
7 25 33.8900 16.2500 39.2580 -74.3826 14
7 26 33.8900 17.5200 38.5914 -72.6625 13
8 0 35.1600 -15.5000 38.2701 -123.7899 5
8 1 35.1600 -14.2300 38.8504 -122.0342 8
8 2 35.1600 -12.9600 39.3903 -120.2339 9
8 3 35.1600 -11.6900 39.8877 -118.3909 9
8 4 35.1600 -10.4200 40.3405 -116.5077 11
8 5 35.1600 -9.1500 40.7466 -114.5870 12
8 6 35.1600 -7.8800 41.1042 -112.6323 12
8 7 35.1600 -6.6100 41.4116 -110.6472 15
8 8 35.1600 -5.3400 41.6674 -108.6359 15
8 9 35.1600 -4.0700 41.8702 -106.6030 17
8 10 35.1600 -2.8000 42.0192 -104.5532 15
8 11 35.1600 -1.5300 42.1134 -102.4917 18
8 12 35.1600 -0.2600 42.1524 -100.4237 16
8 13 35.1600 1.0100 42.1360 -98.3546 19
8 14 35.1600 2.2800 42.0644 -96.2898 21
8 15 35.1600 3.5500 41.9378 -94.2346 19
8 16 35.1600 4.8200 41.7569 -92.1941 16
8 17 35.1600 6.0900 41.5227 -90.1734 18
8 18 35.1600 7.3600 41.2362 -88.1771 17
8 19 35.1600 8.6300 40.8989 -86.2094 18
8 20 35.1600 9.9000 40.5125 -84.2744 16
8 21 35.1600 11.1700 40.0786 -82.3754 19
8 22 35.1600 12.4400 39.5992 -80.5157 18
8 23 35.1600 13.7100 39.0765 -78.6976 17
8 24 35.1600 14.9800 38.5124 -76.9235 15
8 25 35.1600 16.2500 37.9093 -75.1949 15
8 26 35.1600 17.5200 37.2695 -73.5132 13
9 0 36.4300 -15.5000 36.9137 -123.0485 6
9 1 36.4300 -14.2300 37.4701 -121.3362 7
9 2 36.4300 -12.9600 37.9875 -119.5831 10
9 3 36.4300 -11.6900 38.4637 -117.7909 10
9 4 36.4300 -10.4200 38.8969 -115.9620 12
9 5 36.4300 -9.1500 39.2852 -114.0991 10
9 6 36.4300 -7.8800 39.6269 -112.2053 12
9 7 36.4300 -6.6100 39.9205 -110.2841 14
9 8 36.4300 -5.3400 40.1646 -108.3392 15
9 9 36.4300 -4.0700 40.3582 -106.3747 14
9 10 36.4300 -2.8000 40.5003 -104.3951 17
9 11 36.4300 -1.5300 40.5901 -102.4049 18
9 12 36.4300 -0.2600 40.6273 -100.4089 19
9 13 36.4300 1.0100 40.6117 -98.4119 19
9 14 36.4300 2.2800 40.5434 -96.4188 23
9 15 36.4300 3.5500 40.4226 -94.4343 19
9 16 36.4300 4.8200 40.2501 -92.4631 19
9 17 36.4300 6.0900 40.0265 -90.5096 15
9 18 36.4300 7.3600 39.7530 -88.5782 19
9 19 36.4300 8.6300 39.4308 -86.6727 22
9 20 36.4300 9.9000 39.0614 -84.7968 18
9 21 36.4300 11.1700 38.6464 -82.9537 20
9 22 36.4300 12.4400 38.1876 -81.1462 19
9 23 36.4300 13.7100 37.6868 -79.3768 16
9 24 36.4300 14.9800 37.1461 -77.6476 15
9 25 36.4300 16.2500 36.5675 -75.9602 14
9 26 36.4300 17.5200 35.9531 -74.3161 11
10 0 37.7000 -15.5000 35.5659 -122.3496 6
10 1 37.7000 -14.2300 36.0998 -120.6792 7
10 2 37.7000 -12.9600 36.5958 -118.9713 9
10 3 37.7000 -11.6900 37.0520 -117.2276 10
10 4 37.7000 -10.4200 37.4667 -115.4504 12
10 5 37.7000 -9.1500 37.8382 -113.6422 14
10 6 37.7000 -7.8800 38.1650 -111.8059 15
10 7 37.7000 -6.6100 38.4456 -109.9447 14
10 8 37.7000 -5.3400 38.6789 -108.0620 15
10 9 37.7000 -4.0700 38.8638 -106.1616 14
10 10 37.7000 -2.8000 38.9994 -104.2476 17
10 11 37.7000 -1.5300 39.0852 -102.3240 17
10 12 37.7000 -0.2600 39.1207 -100.3951 17
10 13 37.7000 1.0100 39.1058 -98.4654 21
10 14 37.7000 2.2800 39.0406 -96.5391 23
10 15 37.7000 3.5500 38.9253 -94.6206 22
10 16 37.7000 4.8200 38.7605 -92.7142 22
10 17 37.7000 6.0900 38.5469 -90.8238 21
10 18 37.7000 7.3600 38.2855 -88.9533 17
10 19 37.7000 8.6300 37.9775 -87.1064 20
10 20 37.7000 9.9000 37.6241 -85.2864 20
10 21 37.7000 11.1700 37.2269 -83.4962 18
10 22 37.7000 12.4400 36.7875 -81.7385 19
10 23 37.7000 13.7100 36.3076 -80.0157 16
10 24 37.7000 14.9800 35.7890 -78.3297 15
10 25 37.7000 16.2500 35.2337 -76.6823 12
10 26 37.7000 17.5200 34.6435 -75.0747 8
11 0 38.9700 -15.5000 34.2279 -121.6898 5
11 1 38.9700 -14.2300 34.7403 -120.0598 6
11 2 38.9700 -12.9600 35.2160 -118.3952 7
11 3 38.9700 -11.6900 35.6533 -116.6979 10
11 4 38.9700 -10.4200 36.0506 -114.9698 11
11 5 38.9700 -9.1500 36.4063 -113.2135 11
11 6 38.9700 -7.8800 36.7190 -111.4315 14
11 7 38.9700 -6.6100 36.9874 -109.6268 14
11 8 38.9700 -5.3400 37.2105 -107.8026 16
11 9 38.9700 -4.0700 37.3872 -105.9623 17
11 10 38.9700 -2.8000 37.5168 -104.1096 19
11 11 38.9700 -1.5300 37.5987 -102.2483 18
11 12 38.9700 -0.2600 37.6327 -100.3823 18
11 13 38.9700 1.0100 37.6185 -98.5154 18
11 14 38.9700 2.2800 37.5561 -96.6516 21
11 15 38.9700 3.5500 37.4460 -94.7950 20
11 16 38.9700 4.8200 37.2885 -92.9492 19
11 17 38.9700 6.0900 37.0843 -91.1180 20
11 18 38.9700 7.3600 36.8343 -89.3049 20
11 19 38.9700 8.6300 36.5396 -87.5132 22
11 20 38.9700 9.9000 36.2014 -85.7460 20
11 21 38.9700 11.1700 35.8209 -84.0061 21
11 22 38.9700 12.4400 35.3998 -82.2959 17
11 23 38.9700 13.7100 34.9396 -80.6177 15
11 24 38.9700 14.9800 34.4420 -78.9733 15
11 25 38.9700 16.2500 33.9088 -77.3645 11
11 26 38.9700 17.5200 33.3417 -75.7924 8
12 0 40.2400 -15.5000 32.9003 -121.0661 4
12 1 40.2400 -14.2300 33.3923 -119.4750 6
12 2 40.2400 -12.9600 33.8489 -117.8521 8
12 3 40.2400 -11.6900 34.2683 -116.1989 9
12 4 40.2400 -10.4200 34.6491 -114.5177 11
12 5 40.2400 -9.1500 34.9898 -112.8104 12
12 6 40.2400 -7.8800 35.2892 -111.0797 13
12 7 40.2400 -6.6100 35.5462 -109.3284 13
12 8 40.2400 -5.3400 35.7596 -107.5592 14
12 9 40.2400 -4.0700 35.9286 -105.7754 16
12 10 40.2400 -2.8000 36.0526 -103.9804 13
12 11 40.2400 -1.5300 36.1310 -102.1774 15
12 12 40.2400 -0.2600 36.1634 -100.3702 19
12 13 40.2400 1.0100 36.1498 -98.5622 19
12 14 40.2400 2.2800 36.0902 -96.7571 19
12 15 40.2400 3.5500 35.9849 -94.9584 21
12 16 40.2400 4.8200 35.8342 -93.1696 20
12 17 40.2400 6.0900 35.6389 -91.3941 21
12 18 40.2400 7.3600 35.3996 -89.6350 21
12 19 40.2400 8.6300 35.1175 -87.8955 17
12 20 40.2400 9.9000 34.7935 -86.1784 19
12 21 40.2400 11.1700 34.4289 -84.4862 19
12 22 40.2400 12.4400 34.0252 -82.8213 17
12 23 40.2400 13.7100 33.5836 -81.1857 15
12 24 40.2400 14.9800 33.1059 -79.5814 13
12 25 40.2400 16.2500 32.5937 -78.0098 12
12 26 40.2400 17.5200 32.0486 -76.4723 7
13 0 41.5100 -15.5000 31.5839 -120.4758 4
13 1 41.5100 -14.2300 32.0566 -118.9222 5
13 2 41.5100 -12.9600 32.4949 -117.3391 7
13 3 41.5100 -11.6900 32.8973 -115.7282 6
13 4 41.5100 -10.4200 33.2625 -114.0914 8
13 5 41.5100 -9.1500 33.5892 -112.4309 9
13 6 41.5100 -7.8800 33.8761 -110.7488 9
13 7 41.5100 -6.6100 34.1222 -109.0477 11
13 8 41.5100 -5.3400 34.3265 -107.3305 12
13 9 41.5100 -4.0700 34.4884 -105.5999 16
13 10 41.5100 -2.8000 34.6070 -103.8590 17
13 11 41.5100 -1.5300 34.6820 -102.1109 17
13 12 41.5100 -0.2600 34.7130 -100.3589 21
13 13 41.5100 1.0100 34.7000 -98.6062 19
13 14 41.5100 2.2800 34.6430 -96.8561 19
13 15 41.5100 3.5500 34.5422 -95.1119 18
13 16 41.5100 4.8200 34.3980 -93.3767 18
13 17 41.5100 6.0900 34.2110 -91.6536 19
13 18 41.5100 7.3600 33.9818 -89.9456 20
13 19 41.5100 8.6300 33.7115 -88.2554 17
13 20 41.5100 9.9000 33.4010 -86.5857 18
13 21 41.5100 11.1700 33.0514 -84.9389 16
13 22 41.5100 12.4400 32.6641 -83.3172 15
13 23 41.5100 13.7100 32.2403 -81.7225 11
13 24 41.5100 14.9800 31.7815 -80.1567 12
13 25 41.5100 16.2500 31.2892 -78.6211 12
13 26 41.5100 17.5200 30.7650 -77.1170 10
14 0 42.7800 -15.5000 30.2793 -119.9164 2
14 1 42.7800 -14.2300 30.7336 -118.3988 4
14 2 42.7800 -12.9600 31.1546 -116.8539 6
14 3 42.7800 -11.6900 31.5410 -115.2834 6
14 4 42.7800 -10.4200 31.8914 -113.6891 8
14 5 42.7800 -9.1500 32.2047 -112.0728 8
14 6 42.7800 -7.8800 32.4798 -110.4368 8
14 7 42.7800 -6.6100 32.7157 -108.7834 9
14 8 42.7800 -5.3400 32.9115 -107.1151 10
14 9 42.7800 -4.0700 33.0665 -105.4346 13
14 10 42.7800 -2.8000 33.1801 -103.7447 14
14 11 42.7800 -1.5300 33.2519 -102.0483 11
14 12 42.7800 -0.2600 33.2816 -100.3482 15
14 13 42.7800 1.0100 33.2692 -98.6475 18
14 14 42.7800 2.2800 33.2146 -96.9493 20
14 15 42.7800 3.5500 33.1180 -95.2563 21
14 16 42.7800 4.8200 32.9799 -93.5716 17
14 17 42.7800 6.0900 32.8007 -91.8980 16
14 18 42.7800 7.3600 32.5812 -90.2382 16
14 19 42.7800 8.6300 32.3220 -88.5948 15
14 20 42.7800 9.9000 32.0242 -86.9702 16
14 21 42.7800 11.1700 31.6889 -85.3666 14
14 22 42.7800 12.4400 31.3171 -83.7861 12
14 23 42.7800 13.7100 30.9101 -82.2305 14
14 24 42.7800 14.9800 30.4693 -80.7016 13
14 25 42.7800 16.2500 29.9960 -79.2007 13
14 26 42.7800 17.5200 29.4918 -77.7291 10
15 0 44.0500 -15.5000 28.9872 -119.3856 2
15 1 44.0500 -14.2300 29.4240 -117.9026 2
15 2 44.0500 -12.9600 29.8285 -116.3945 6
15 3 44.0500 -11.6900 30.1996 -114.8626 6
15 4 44.0500 -10.4200 30.5360 -113.3086 7
15 5 44.0500 -9.1500 30.8367 -111.7345 8
15 6 44.0500 -7.8800 31.1006 -110.1422 7
15 7 44.0500 -6.6100 31.3268 -108.5339 6
15 8 44.0500 -5.3400 31.5145 -106.9120 9
15 9 44.0500 -4.0700 31.6631 -105.2789 9
15 10 44.0500 -2.8000 31.7720 -103.6371 12
15 11 44.0500 -1.5300 31.8408 -101.9893 12
15 12 44.0500 -0.2600 31.8693 -100.3382 15
15 13 44.0500 1.0100 31.8573 -98.6865 16
15 14 44.0500 2.2800 31.8050 -97.0371 19
15 15 44.0500 3.5500 31.7125 -95.3925 19
15 16 44.0500 4.8200 31.5801 -93.7555 15
15 17 44.0500 6.0900 31.4083 -92.1286 16
15 18 44.0500 7.3600 31.1978 -90.5145 14
15 19 44.0500 8.6300 30.9493 -88.9154 14
15 20 44.0500 9.9000 30.6635 -87.3335 16
15 21 44.0500 11.1700 30.3416 -85.7711 12
15 22 44.0500 12.4400 29.9846 -84.2300 14
15 23 44.0500 13.7100 29.5936 -82.7119 12
15 24 44.0500 14.9800 29.1698 -81.2185 11
15 25 44.0500 16.2500 28.7147 -79.7510 11
15 26 44.0500 17.5200 28.2295 -78.3108 9
16 0 45.3200 -15.5000 27.7080 -118.8813 2
16 1 45.3200 -14.2300 28.1281 -117.4317 2
16 2 45.3200 -12.9600 28.5170 -115.9588 4
16 3 45.3200 -11.6900 28.8736 -114.4638 4
16 4 45.3200 -10.4200 29.1967 -112.9484 6
16 5 45.3200 -9.1500 29.4854 -111.4144 5
16 6 45.3200 -7.8800 29.7387 -109.8637 5
16 7 45.3200 -6.6100 29.9557 -108.2982 7
16 8 45.3200 -5.3400 30.1358 -106.7201 9
16 9 45.3200 -4.0700 30.2783 -105.1317 8
16 10 45.3200 -2.8000 30.3827 -103.5354 11
16 11 45.3200 -1.5300 30.4487 -101.9336 12
16 12 45.3200 -0.2600 30.4760 -100.3287 14
16 13 45.3200 1.0100 30.4645 -98.7233 13
16 14 45.3200 2.2800 30.4144 -97.1199 17
16 15 45.3200 3.5500 30.3257 -95.5211 16
16 16 45.3200 4.8200 30.1987 -93.9291 16
16 17 45.3200 6.0900 30.0340 -92.3466 12
16 18 45.3200 7.3600 29.8320 -90.7757 14
16 19 45.3200 8.6300 29.5934 -89.2186 12
16 20 45.3200 9.9000 29.3191 -87.6775 12
16 21 45.3200 11.1700 29.0100 -86.1543 13
16 22 45.3200 12.4400 28.6670 -84.6508 13
16 23 45.3200 13.7100 28.2911 -83.1686 12
16 24 45.3200 14.9800 27.8837 -81.7093 11
16 25 45.3200 16.2500 27.4458 -80.2741 9
16 26 45.3200 17.5200 26.9787 -78.8643 9
17 0 46.5900 -15.5000 26.4421 -118.4017 0
17 1 46.5900 -14.2300 26.8463 -116.9843 2
17 2 46.5900 -12.9600 27.2203 -115.5450 4
17 3 46.5900 -11.6900 27.5631 -114.0854 3
17 4 46.5900 -10.4200 27.8737 -112.6069 4
17 5 46.5900 -9.1500 28.1510 -111.1111 3
17 6 46.5900 -7.8800 28.3942 -109.5999 4
17 7 46.5900 -6.6100 28.6026 -108.0750 7
17 8 46.5900 -5.3400 28.7754 -106.5385 8
17 9 46.5900 -4.0700 28.9121 -104.9926 8
17 10 46.5900 -2.8000 29.0123 -103.4393 9
17 11 46.5900 -1.5300 29.0756 -101.8809 9
17 12 46.5900 -0.2600 29.1018 -100.3197 12
17 13 46.5900 1.0100 29.0908 -98.7581 13
17 14 46.5900 2.2800 29.0427 -97.1983 12
17 15 46.5900 3.5500 28.9576 -95.6427 15
17 16 46.5900 4.8200 28.8358 -94.0934 13
17 17 46.5900 6.0900 28.6777 -92.5528 11
17 18 46.5900 7.3600 28.4838 -91.0230 12
17 19 46.5900 8.6300 28.2547 -89.5059 8
17 20 46.5900 9.9000 27.9913 -88.0035 9
17 21 46.5900 11.1700 27.6942 -86.5178 12
17 22 46.5900 12.4400 27.3645 -85.0502 11
17 23 46.5900 13.7100 27.0031 -83.6025 10
17 24 46.5900 14.9800 26.6112 -82.1759 8
17 25 46.5900 16.2500 26.1897 -80.7719 8
17 26 46.5900 17.5200 25.7400 -79.3914 8
18 0 47.8600 -15.5000 25.1899 -117.9451 0
18 1 47.8600 -14.2300 25.5790 -116.5586 0
18 2 47.8600 -12.9600 25.9388 -115.1517 0
18 3 47.8600 -11.6900 26.2685 -113.7260 2
18 4 47.8600 -10.4200 26.5671 -112.2827 2
18 5 47.8600 -9.1500 26.8336 -110.8234 4
18 6 47.8600 -7.8800 27.0673 -109.3497 4
18 7 47.8600 -6.6100 27.2674 -107.8634 4
18 8 47.8600 -5.3400 27.4334 -106.3665 7
18 9 47.8600 -4.0700 27.5647 -104.8607 5
18 10 47.8600 -2.8000 27.6608 -103.3482 8
18 11 47.8600 -1.5300 27.7216 -101.8310 8
18 12 47.8600 -0.2600 27.7468 -100.3113 7
18 13 47.8600 1.0100 27.7362 -98.7911 9
18 14 47.8600 2.2800 27.6900 -97.2726 10
18 15 47.8600 3.5500 27.6083 -95.7579 10
18 16 47.8600 4.8200 27.4914 -94.2491 11
18 17 47.8600 6.0900 27.3395 -92.7483 9
18 18 47.8600 7.3600 27.1533 -91.2574 8
18 19 47.8600 8.6300 26.9333 -89.7784 5
18 20 47.8600 9.9000 26.6801 -88.3130 5
18 21 47.8600 11.1700 26.3946 -86.8630 8
18 22 47.8600 12.4400 26.0775 -85.4298 9
18 23 47.8600 13.7100 25.7299 -84.0151 8
18 24 47.8600 14.9800 25.3527 -82.6201 8
18 25 47.8600 16.2500 24.9469 -81.2460 8
18 26 47.8600 17.5200 24.5137 -79.8940 7
19 0 49.1300 -15.5000 23.9518 -117.5099 0
19 1 49.1300 -14.2300 24.3264 -116.1531 0
19 2 49.1300 -12.9600 24.6728 -114.7774 0
19 3 49.1300 -11.6900 24.9900 -113.3841 0
19 4 49.1300 -10.4200 25.2771 -111.9744 1
19 5 49.1300 -9.1500 25.5333 -110.5499 1
19 6 49.1300 -7.8800 25.7580 -109.1121 1
19 7 49.1300 -6.6100 25.9503 -107.6626 2
19 8 49.1300 -5.3400 26.1098 -106.2032 4
19 9 49.1300 -4.0700 26.2359 -104.7357 5
19 10 49.1300 -2.8000 26.3283 -103.2619 8
19 11 49.1300 -1.5300 26.3866 -101.7837 7
19 12 49.1300 -0.2600 26.4108 -100.3032 6
19 13 49.1300 1.0100 26.4006 -98.8223 7
19 14 49.1300 2.2800 26.3563 -97.3430 7
19 15 49.1300 3.5500 26.2778 -95.8671 7
19 16 49.1300 4.8200 26.1655 -94.3968 7
19 17 49.1300 6.0900 26.0196 -92.9338 5
19 18 49.1300 7.3600 25.8406 -91.4801 5
19 19 49.1300 8.6300 25.6292 -90.0373 2
19 20 49.1300 9.9000 25.3858 -88.6071 4
19 21 49.1300 11.1700 25.1112 -87.1912 5
19 22 49.1300 12.4400 24.8062 -85.7910 6
19 23 49.1300 13.7100 24.4717 -84.4079 7
19 24 49.1300 14.9800 24.1085 -83.0433 6
19 25 49.1300 16.2500 23.7177 -81.6981 5
19 26 49.1300 17.5200 23.3003 -80.3735 5
20 0 50.4000 -15.5000 22.7280 -117.0947 0
20 1 50.4000 -14.2300 23.0888 -115.7666 0
20 2 50.4000 -12.9600 23.4223 -114.4208 0
20 3 50.4000 -11.6900 23.7276 -113.0585 0
20 4 50.4000 -10.4200 24.0038 -111.6811 1
20 5 50.4000 -9.1500 24.2503 -110.2898 1
20 6 50.4000 -7.8800 24.4663 -108.8862 1
20 7 50.4000 -6.6100 24.6513 -107.4717 1
20 8 50.4000 -5.3400 24.8045 -106.0481 1
20 9 50.4000 -4.0700 24.9258 -104.6168 3
20 10 50.4000 -2.8000 25.0145 -103.1798 6
20 11 50.4000 -1.5300 25.0706 -101.7388 6
20 12 50.4000 -0.2600 25.0938 -100.2956 7
20 13 50.4000 1.0100 25.0841 -98.8520 6
20 14 50.4000 2.2800 25.0415 -97.4098 7
20 15 50.4000 3.5500 24.9660 -95.9709 6
20 16 50.4000 4.8200 24.8581 -94.5371 4
20 17 50.4000 6.0900 24.7179 -93.1102 5
20 18 50.4000 7.3600 24.5458 -91.6917 5
20 19 50.4000 8.6300 24.3425 -90.2835 1
20 20 50.4000 9.9000 24.1084 -88.8870 1
20 21 50.4000 11.1700 23.8442 -87.5037 3
20 22 50.4000 12.4400 23.5507 -86.1351 4
20 23 50.4000 13.7100 23.2287 -84.7824 5
20 24 50.4000 14.9800 22.8790 -83.4469 5
20 25 50.4000 16.2500 22.5025 -82.1296 5
20 26 50.4000 17.5200 22.1002 -80.8316 5
