# i j x_cm y_cm lat lon height_m Observations
0 0 25.0000 -15.5000 49.2763 -131.7989 2475.2048 5
0 1 25.0000 -14.2300 50.1031 -129.6485 2831.5694 5
0 2 25.0000 -12.9600 50.8800 -127.4022 5461.2222 5
0 3 25.0000 -11.6900 51.6024 -125.0608 5429.3065 8
0 4 25.0000 -10.4200 52.2659 -122.6264 5399.5019 8
0 5 25.0000 -9.1500 52.8661 -120.1026 5379.1238 7
0 6 25.0000 -7.8800 53.3987 -117.4949 5361.6396 8
0 7 25.0000 -6.6100 53.8599 -114.8101 5356.1838 7
0 8 25.0000 -5.3400 54.2460 -112.0572 5349.8145 8
0 9 25.0000 -4.0700 54.5538 -109.2466 2804.0491 5
0 10 25.0000 -2.8000 54.7807 -106.3905 3517.8109 5
0 11 25.0000 -1.5300 54.9246 -103.5021 2276.2810 5
0 12 25.0000 -0.2600 54.9843 -100.5959 5466.8962 5
0 13 25.0000 1.0100 54.9593 -97.6865 8634.0556 4
0 14 25.0000 2.2800 54.8497 -94.7890 16962.7904 4
0 15 25.0000 3.5500 54.6566 -91.9180 5693.1999 5
0 16 25.0000 4.8200 54.3817 -89.0873 5377.6160 6
0 17 25.0000 6.0900 54.0273 -86.3094 5382.1895 6
0 18 25.0000 7.3600 53.5964 -83.5956 -3824.3937 5
0 19 25.0000 8.6300 53.0926 -80.9553 8809.1183 5
0 20 25.0000 9.9000 52.5195 -78.3964 4403.5041 5
0 21 25.0000 11.1700 51.8814 -75.9249 5408.9818 7
0 22 25.0000 12.4400 51.1826 -73.5451 5419.8795 7
0 23 25.0000 13.7100 50.4275 -71.2596 5428.4790 9
0 24 25.0000 14.9800 49.6206 -69.0700 5430.3374 10
0 25 25.0000 16.2500 48.7662 -66.9761 5435.4353 11
0 26 25.0000 17.5200 47.8687 -64.9772 5435.3960 9
1 0 26.2700 -15.5000 47.9015 -130.5417 6558.3382 4
1 1 26.2700 -14.2300 48.6911 -128.4436 2764.9496 5
1 2 26.2700 -12.9600 49.4317 -126.2589 5477.4467 6
1 3 26.2700 -11.6900 50.1192 -123.9888 5438.7593 7
1 4 26.2700 -10.4200 50.7497 -121.6358 5409.4342 7
1 5 26.2700 -9.1500 51.3192 -119.2035 5381.6542 8
1 6 26.2700 -7.8800 51.8240 -116.6972 5373.0156 8
1 7 26.2700 -6.6100 52.2604 -114.1235 5374.2359 6
1 8 26.2700 -5.3400 52.6253 -111.4902 5371.9121 7
1 9 26.2700 -4.0700 52.9160 -108.8068 5366.8087 6
1 10 26.2700 -2.8000 53.1301 -106.0839 5380.2667 6
1 11 26.2700 -1.5300 53.2658 -103.3332 5382.2759 6
1 12 26.2700 -0.2600 53.3221 -100.5671 5387.9817 6
1 13 26.2700 1.0100 53.2985 -97.7982 5399.9415 6
1 14 26.2700 2.2800 53.1952 -95.0397 1875.1480 5
1 15 26.2700 3.5500 53.0130 -92.3039 1617.3907 5
1 16 26.2700 4.8200 52.7535 -89.6031 5305.1672 5
1 17 26.2700 6.0900 52.4186 -86.9481 3941.5896 5
1 18 26.2700 7.3600 52.0111 -84.3489 5433.8980 6
1 19 26.2700 8.6300 51.5339 -81.8140 5444.7351 6
1 20 26.2700 9.9000 50.9905 -79.3508 5455.5092 6
1 21 26.2700 11.1700 50.3845 -76.9648 5468.1087 7
1 22 26.2700 12.4400 49.7198 -74.6604 5481.5360 10
1 23 26.2700 13.7100 49.0005 -72.4405 5486.9889 9
1 24 26.2700 14.9800 48.2304 -70.3068 5492.9026 10
1 25 26.2700 16.2500 47.4138 -68.2600 5488.2871 12
1 26 26.2700 17.5200 46.5546 -66.2999 5494.2457 10
2 0 27.5400 -15.5000 46.5222 -129.3716 -1501.7667 4
2 1 27.5400 -14.2300 47.2766 -127.3255 5623.6351 6
2 2 27.5400 -12.9600 47.9831 -125.2011 5494.6303 6
2 3 27.5400 -11.6900 48.6381 -122.9999 5440.0044 8
2 4 27.5400 -10.4200 49.2379 -120.7246 5399.7351 9
2 5 27.5400 -9.1500 49.7789 -118.3788 5389.1579 8
2 6 27.5400 -7.8800 50.2578 -115.9674 5382.3004 9
2 7 27.5400 -6.6100 50.6714 -113.4965 5381.3076 6
2 8 27.5400 -5.3400 51.0170 -110.9735 5396.3774 6
2 9 27.5400 -4.0700 51.2919 -108.4066 5404.7284 6
2 10 27.5400 -2.8000 51.4943 -105.8053 1565.5848 5
2 11 27.5400 -1.5300 51.6226 -103.1798 5416.8107 7
2 12 27.5400 -0.2600 51.6758 -100.5409 5420.7970 6
2 13 27.5400 1.0100 51.6535 -97.8997 5433.7408 8
2 14 27.5400 2.2800 51.5558 -95.2674 5441.9564 7
2 15 27.5400 3.5500 51.3837 -92.6549 5461.4715 9
2 16 27.5400 4.8200 51.1382 -90.0727 5467.1371 6
2 17 27.5400 6.0900 50.8213 -87.5307 5454.7754 6
2 18 27.5400 7.3600 50.4352 -85.0375 5480.6546 7
2 19 27.5400 8.6300 49.9827 -82.6010 5484.7951 8
2 20 27.5400 9.9000 49.4667 -80.2276 5500.6839 9
2 21 27.5400 11.1700 48.8906 -77.9229 5513.7703 10
2 22 27.5400 12.4400 48.2578 -75.6910 5529.6902 10
2 23 27.5400 13.7100 47.5719 -73.5349 5545.8016 13
2 24 27.5400 14.9800 46.8367 -71.4566 5548.2339 12
2 25 27.5400 16.2500 46.0558 -69.4572 5542.3233 11
2 26 27.5400 17.5200 45.2329 -67.5369 5541.1751 11
3 0 28.8100 -15.5000 45.1409 -128.2806 -3041.8284 4
3 1 28.8100 -14.2300 45.8620 -126.2860 7448.7078 5
3 2 28.8100 -12.9600 46.5365 -124.2203 5485.5410 7
3 3 28.8100 -11.6900 47.1610 -122.0854 5431.5077 7
3 4 28.8100 -10.4200 47.7321 -119.8840 5404.7672 9
3 5 28.8100 -9.1500 48.2466 -117.6197 5388.4627 10
3 6 28.8100 -7.8800 48.7016 -115.2972 5383.4581 9
3 7 28.8100 -6.6100 49.0941 -112.9220 5391.6690 6
3 8 28.8100 -5.3400 49.4217 -110.5007 5404.2289 9
3 9 28.8100 -4.0700 49.6823 -108.0410 5416.5164 9
3 10 28.8100 -2.8000 49.8739 -105.5511 5426.1991 10
3 11 28.8100 -1.5300 49.9953 -103.0399 5451.4602 9
3 12 28.8100 -0.2600 50.0457 -100.5171 5462.0299 10
3 13 28.8100 1.0100 50.0246 -97.9922 5477.2557 9
3 14 28.8100 2.2800 49.9322 -95.4751 5484.9470 8
3 15 28.8100 3.5500 49.7691 -92.9754 5496.7396 7
3 16 28.8100 4.8200 49.5366 -90.5022 5509.1270 8
3 17 28.8100 6.0900 49.2362 -88.0642 5494.4545 7
3 18 28.8100 7.3600 48.8700 -85.6693 5504.9539 8
3 19 28.8100 8.6300 48.4403 -83.3245 5527.3336 8
3 20 28.8100 9.9000 47.9498 -81.0357 5541.9045 9
3 21 28.8100 11.1700 47.4014 -78.8081 5559.9182 13
3 22 28.8100 12.4400 46.7984 -76.6456 5576.4348 14
3 23 28.8100 13.7100 46.1440 -74.5513 5583.9997 16
3 24 28.8100 14.9800 45.4416 -72.5274 5591.1861 11
3 25 28.8100 16.2500 44.6945 -70.5753 5593.3063 10
3 26 28.8100 17.5200 43.9062 -68.6953 5579.7857 10
4 0 30.0800 -15.5000 43.7596 -127.2617 -3676.3981 5
4 1 30.0800 -14.2300 44.4494 -125.3175 5516.8496 8
4 2 30.0800 -12.9600 45.0937 -123.3088 5486.0493 7
4 3 30.0800 -11.6900 45.6895 -121.2376 5438.8764 8
4 4 30.0800 -10.4200 46.2338 -119.1066 5407.5043 9
4 5 30.0800 -9.1500 46.7237 -116.9192 5387.0864 12
4 6 30.0800 -7.8800 47.1564 -114.6798 5386.2335 10
4 7 30.0800 -6.6100 47.5294 -112.3936 5403.5143 9
4 8 30.0800 -5.3400 47.8405 -110.0666 5413.9440 10
4 9 30.0800 -4.0700 48.0877 -107.7057 5427.8263 11
4 10 30.0800 -2.8000 48.2694 -105.3181 5444.8848 10
4 11 30.0800 -1.5300 48.3845 -102.9118 5465.3901 10
4 12 30.0800 -0.2600 48.4323 -100.4952 5483.3061 11
4 13 30.0800 1.0100 48.4123 -98.0769 5505.7278 10
4 14 30.0800 2.2800 48.3247 -95.6654 5525.9448 11
4 15 30.0800 3.5500 48.1701 -93.2692 5536.1481 9
4 16 30.0800 4.8200 47.9495 -90.8964 5536.1250 10
4 17 30.0800 6.0900 47.6644 -88.5546 5543.0496 10
4 18 30.0800 7.3600 47.3164 -86.2510 5547.9429 11
4 19 30.0800 8.6300 46.9079 -83.9917 5563.6889 13
4 20 30.0800 9.9000 46.4411 -81.7825 5576.4007 11
4 21 30.0800 11.1700 45.9188 -79.6279 5598.9374 14
4 22 30.0800 12.4400 45.3437 -77.5318 5614.1375 14
4 23 30.0800 13.7100 44.7189 -75.4972 5622.3859 16
4 24 30.0800 14.9800 44.0473 -73.5265 5625.9724 15
4 25 30.0800 16.2500 43.3323 -71.6209 5627.8400 13
4 26 30.0800 17.5200 42.5767 -69.7815 5618.0070 12
5 0 31.3500 -15.5000 42.3803 -126.3086 5078.4595 5
5 1 31.3500 -14.2300 43.0404 -124.4137 5525.3461 7
5 2 31.3500 -12.9600 43.6563 -122.4601 5493.3032 8
5 3 31.3500 -11.6900 44.2252 -120.4498 5441.8891 9
5 4 31.3500 -10.4200 44.7444 -118.3856 5402.3562 9
5 5 31.3500 -9.1500 45.2112 -116.2707 5391.9943 11
5 6 31.3500 -7.8800 45.6232 -114.1093 5384.4760 11
5 7 31.3500 -6.6100 45.9781 -111.9062 5405.6922 9
5 8 31.3500 -5.3400 46.2738 -109.6667 5424.1141 11
5 9 31.3500 -4.0700 46.5087 -107.3970 5440.3476 14
5 10 31.3500 -2.8000 46.6813 -105.1038 5458.3581 11
5 11 31.3500 -1.5300 46.7906 -102.7940 5485.8686 14
5 12 31.3500 -0.2600 46.8359 -100.4752 5507.6981 13
5 13 31.3500 1.0100 46.8169 -98.1547 5533.4010 12
5 14 31.3500 2.2800 46.7338 -95.8404 5550.2708 12
5 15 31.3500 3.5500 46.5870 -93.5395 5562.0666 11
5 16 31.3500 4.8200 46.3774 -91.2593 5571.4219 12
5 17 31.3500 6.0900 46.1064 -89.0067 5580.5007 12
5 18 31.3500 7.3600 45.7755 -86.7880 5587.3064 13
5 19 31.3500 8.6300 45.3867 -84.6089 5597.5865 16
5 20 31.3500 9.9000 44.9420 -82.4744 5613.8911 14
5 21 31.3500 11.1700 44.4440 -80.3890 5633.5191 14
5 22 31.3500 12.4400 43.8951 -78.3563 5645.4190 17
5 23 31.3500 13.7100 43.2981 -76.3793 5654.5482 16
5 24 31.3500 14.9800 42.6557 -74.4601 5658.6326 16
5 25 31.3500 16.2500 41.9710 -72.6004 5660.1149 13
5 26 31.3500 17.5200 41.2466 -70.8013 5648.1539 13
6 0 32.6200 -15.5000 41.0047 -125.4156 5215.0821 5
6 1 32.6200 -14.2300 41.6367 -123.5685 5557.0107 7
6 2 32.6200 -12.9600 42.2258 -121.6680 5500.7874 8
6 3 32.6200 -11.6900 42.7694 -119.7161 5447.2953 9
6 4 32.6200 -10.4200 43.2651 -117.7153 5416.5530 11
6 5 32.6200 -9.1500 43.7103 -115.6690 5397.6422 10
6 6 32.6200 -7.8800 44.1030 -113.5807 5396.7316 11
6 7 32.6200 -6.6100 44.4409 -111.4551 5403.9386 13
6 8 32.6200 -5.3400 44.7224 -109.2970 5433.9895 14
6 9 32.6200 -4.0700 44.9459 -107.1120 5445.6079 16
6 10 32.6200 -2.8000 45.1100 -104.9061 5463.7047 13
6 11 32.6200 -1.5300 45.2139 -102.6854 5498.2335 14
6 12 32.6200 -0.2600 45.2569 -100.4567 5519.3493 15
6 13 32.6200 1.0100 45.2389 -98.2265 5548.8545 15
6 14 32.6200 2.2800 45.1599 -96.0018 5572.8611 15
6 15 32.6200 3.5500 45.0203 -93.7890 5588.7983 15
6 16 32.6200 4.8200 44.8210 -91.5947 5598.7968 14
6 17 32.6200 6.0900 44.5631 -89.4249 5613.7561 13
6 18 32.6200 7.3600 44.2481 -87.2853 5627.6508 14
6 19 32.6200 8.6300 43.8776 -85.1812 5630.1782 14
6 20 32.6200 9.9000 43.4536 -83.1172 5646.9540 14
6 21 32.6200 11.1700 42.9783 -81.0974 5661.0127 18
6 22 32.6200 12.4400 42.4540 -79.1251 5675.6989 17
6 23 32.6200 13.7100 41.8832 -77.2033 5683.5293 16
6 24 32.6200 14.9800 41.2684 -75.3341 5684.7868 17
6 25 32.6200 16.2500 40.6124 -73.5193 5685.6677 15
6 26 32.6200 17.5200 39.9176 -71.7600 5674.3673 14
7 0 33.8900 -15.5000 39.6341 -124.5776 8638.9227 4
7 1 33.8900 -14.2300 40.2396 -122.7769 5571.1158 6
7 2 33.8900 -12.9600 40.8034 -120.9275 5510.0106 8
7 3 33.8900 -11.6900 41.3233 -119.0313 5453.6088 9
7 4 33.8900 -10.4200 41.7968 -117.0908 5428.1341 12
7 5 33.8900 -9.1500 42.2219 -115.1091 5408.4627 12
7 6 33.8900 -7.8800 42.5964 -113.0897 5406.6872 13
7 7 33.8900 -6.6100 42.9186 -111.0366 5411.3534 14
7 8 33.8900 -5.3400 43.1868 -108.9544 5430.8872 15
7 9 33.8900 -4.0700 43.3996 -106.8481 5451.5230 15
7 10 33.8900 -2.8000 43.5558 -104.7231 5463.3273 15
7 11 33.8900 -1.5300 43.6547 -102.5849 5492.0972 17
7 12 33.8900 -0.2600 43.6957 -100.4396 5527.0995 16
7 13 33.8900 1.0100 43.6785 -98.2930 5560.4577 17
7 14 33.8900 2.2800 43.6033 -96.1511 5592.1517 17
7 15 33.8900 3.5500 43.4704 -94.0200 5610.8165 15
7 16 33.8900 4.8200 43.2807 -91.9054 5622.5381 16
7 17 33.8900 6.0900 43.0350 -89.8127 5638.1850 15
7 18 33.8900 7.3600 42.7348 -87.7472 5654.2375 18
7 19 33.8900 8.6300 42.3814 -85.7134 5661.4694 13
7 20 33.8900 9.9000 41.9768 -83.7158 5677.5089 16
7 21 33.8900 11.1700 41.5229 -81.7580 5691.1005 19
7 22 33.8900 12.4400 41.0217 -79.8433 5700.4822 17
7 23 33.8900 13.7100 40.4756 -77.9745 5709.7555 17
7 24 33.8900 14.9800 39.8869 -76.1537 5711.5688 17
7 25 33.8900 16.2500 39.2580 -74.3826 5711.8236 14
7 26 33.8900 17.5200 38.5914 -72.6625 5696.3001 13
8 0 35.1600 -15.5000 38.2701 -123.7899 2760.9320 5
8 1 35.1600 -14.2300 38.8504 -122.0342 5576.0566 8
8 2 35.1600 -12.9600 39.3903 -120.2339 5509.9597 9
8 3 35.1600 -11.6900 39.8877 -118.3909 5460.5472 9
8 4 35.1600 -10.4200 40.3405 -116.5077 5434.9186 11
8 5 35.1600 -9.1500 40.7466 -114.5870 5414.0534 12
8 6 35.1600 -7.8800 41.1042 -112.6323 5415.1111 12
8 7 35.1600 -6.6100 41.4116 -110.6472 5421.0498 15
8 8 35.1600 -5.3400 41.6674 -108.6359 5424.4928 15
8 9 35.1600 -4.0700 41.8702 -106.6030 5443.3993 17
8 10 35.1600 -2.8000 42.0192 -104.5532 5464.4604 15
8 11 35.1600 -1.5300 42.1134 -102.4917 5496.9889 18
8 12 35.1600 -0.2600 42.1524 -100.4237 5525.4853 16
8 13 35.1600 1.0100 42.1360 -98.3546 5568.0669 19
8 14 35.1600 2.2800 42.0644 -96.2898 5600.9621 21
8 15 35.1600 3.5500 41.9378 -94.2346 5633.5659 19
8 16 35.1600 4.8200 41.7569 -92.1941 5645.4977 16
8 17 35.1600 6.0900 41.5227 -90.1734 5661.7154 18
8 18 35.1600 7.3600 41.2362 -88.1771 5679.4673 17
8 19 35.1600 8.6300 40.8989 -86.2094 5695.5424 18
8 20 35.1600 9.9000 40.5125 -84.2744 5706.4501 16
8 21 35.1600 11.1700 40.0786 -82.3754 5716.6413 19
8 22 35.1600 12.4400 39.5992 -80.5157 5725.1418 18
8 23 35.1600 13.7100 39.0765 -78.6976 5732.8349 17
8 24 35.1600 14.9800 38.5124 -76.9235 5732.0259 15
8 25 35.1600 16.2500 37.9093 -75.1949 5731.3176 15
8 26 35.1600 17.5200 37.2695 -73.5132 5719.2848 13
9 0 36.4300 -15.5000 36.9137 -123.0485 5578.8148 6
9 1 36.4300 -14.2300 37.4701 -121.3362 5581.2089 7
9 2 36.4300 -12.9600 37.9875 -119.5831 5523.2245 10
9 3 36.4300 -11.6900 38.4637 -117.7909 5473.6770 10
9 4 36.4300 -10.4200 38.8969 -115.9620 5441.4930 12
9 5 36.4300 -9.1500 39.2852 -114.0991 5425.3805 10
9 6 36.4300 -7.8800 39.6269 -112.2053 5429.3839 12
9 7 36.4300 -6.6100 39.9205 -110.2841 5425.5785 14
9 8 36.4300 -5.3400 40.1646 -108.3392 5424.3766 15
9 9 36.4300 -4.0700 40.3582 -106.3747 5438.4714 14
9 10 36.4300 -2.8000 40.5003 -104.3951 5461.6015 17
9 11 36.4300 -1.5300 40.5901 -102.4049 5481.8682 18
9 12 36.4300 -0.2600 40.6273 -100.4089 5524.0379 19
9 13 36.4300 1.0100 40.6117 -98.4119 5576.3030 19
9 14 36.4300 2.2800 40.5434 -96.4188 5615.3954 23
9 15 36.4300 3.5500 40.4226 -94.4343 5647.8863 19
9 16 36.4300 4.8200 40.2501 -92.4631 5670.5613 19
9 17 36.4300 6.0900 40.0265 -90.5096 5686.1045 15
9 18 36.4300 7.3600 39.7530 -88.5782 5706.4910 19
9 19 36.4300 8.6300 39.4308 -86.6727 5724.9111 22
9 20 36.4300 9.9000 39.0614 -84.7968 5736.1317 18
9 21 36.4300 11.1700 38.6464 -82.9537 5745.2952 20
9 22 36.4300 12.4400 38.1876 -81.1462 5750.3184 19
9 23 36.4300 13.7100 37.6868 -79.3768 5753.2015 16
9 24 36.4300 14.9800 37.1461 -77.6476 5752.8594 15
9 25 36.4300 16.2500 36.5675 -75.9602 5748.1469 14
9 26 36.4300 17.5200 35.9531 -74.3161 5732.6541 11
10 0 37.7000 -15.5000 35.5659 -122.3496 5579.1160 6
10 1 37.7000 -14.2300 36.0998 -120.6792 5602.7773 7
10 2 37.7000 -12.9600 36.5958 -118.9713 5538.4564 9
10 3 37.7000 -11.6900 37.0520 -117.2276 5492.5633 10
10 4 37.7000 -10.4200 37.4667 -115.4504 5459.9944 12
10 5 37.7000 -9.1500 37.8382 -113.6422 5438.6030 14
10 6 37.7000 -7.8800 38.1650 -111.8059 5429.0601 15
10 7 37.7000 -6.6100 38.4456 -109.9447 5419.2684 14
10 8 37.7000 -5.3400 38.6789 -108.0620 5430.7162 15
10 9 37.7000 -4.0700 38.8638 -106.1616 5438.2263 14
10 10 37.7000 -2.8000 38.9994 -104.2476 5453.1079 17
10 11 37.7000 -1.5300 39.0852 -102.3240 5479.2966 17
10 12 37.7000 -0.2600 39.1207 -100.3951 5515.5558 17
10 13 37.7000 1.0100 39.1058 -98.4654 5575.3152 21
10 14 37.7000 2.2800 39.0406 -96.5391 5619.0639 23
10 15 37.7000 3.5500 38.9253 -94.6206 5659.4318 22
10 16 37.7000 4.8200 38.7605 -92.7142 5685.4381 22
10 17 37.7000 6.0900 38.5469 -90.8238 5715.2355 21
10 18 37.7000 7.3600 38.2855 -88.9533 5731.9793 17
10 19 37.7000 8.6300 37.9775 -87.1064 5748.0403 20
10 20 37.7000 9.9000 37.6241 -85.2864 5759.0284 20
10 21 37.7000 11.1700 37.2269 -83.4962 5765.9394 18
10 22 37.7000 12.4400 36.7875 -81.7385 5773.4777 19
10 23 37.7000 13.7100 36.3076 -80.0157 5774.9848 16
10 24 37.7000 14.9800 35.7890 -78.3297 5775.4278 15
10 25 37.7000 16.2500 35.2337 -76.6823 5772.2030 12
10 26 37.7000 17.5200 34.6435 -75.0747 5764.7572 8
11 0 38.9700 -15.5000 34.2279 -121.6898 2238.0761 5
11 1 38.9700 -14.2300 34.7403 -120.0598 5588.9154 6
11 2 38.9700 -12.9600 35.2160 -118.3952 5544.9423 7
11 3 38.9700 -11.6900 35.6533 -116.6979 5509.8398 10
11 4 38.9700 -10.4200 36.0506 -114.9698 5472.9265 11
11 5 38.9700 -9.1500 36.4063 -113.2135 5451.4198 11
11 6 38.9700 -7.8800 36.7190 -111.4315 5437.2684 14
11 7 38.9700 -6.6100 36.9874 -109.6268 5435.6319 14
11 8 38.9700 -5.3400 37.2105 -107.8026 5420.5138 16
11 9 38.9700 -4.0700 37.3872 -105.9623 5427.9461 17
11 10 38.9700 -2.8000 37.5168 -104.1096 5446.3810 19
11 11 38.9700 -1.5300 37.5987 -102.2483 5469.8954 18
11 12 38.9700 -0.2600 37.6327 -100.3823 5512.8060 18
11 13 38.9700 1.0100 37.6185 -98.5154 5560.2198 18
11 14 38.9700 2.2800 37.5561 -96.6516 5618.9138 21
11 15 38.9700 3.5500 37.4460 -94.7950 5670.7828 20
11 16 38.9700 4.8200 37.2885 -92.9492 5703.2364 19
11 17 38.9700 6.0900 37.0843 -91.1180 5735.5685 20
11 18 38.9700 7.3600 36.8343 -89.3049 5760.2908 20
11 19 38.9700 8.6300 36.5396 -87.5132 5769.0942 22
11 20 38.9700 9.9000 36.2014 -85.7460 5779.5863 20
11 21 38.9700 11.1700 35.8209 -84.0061 5787.6637 21
11 22 38.9700 12.4400 35.3998 -82.2959 5793.7135 17
11 23 38.9700 13.7100 34.9396 -80.6177 5793.7418 15
11 24 38.9700 14.9800 34.4420 -78.9733 5791.7584 15
11 25 38.9700 16.2500 33.9088 -77.3645 5789.2334 11
11 26 38.9700 17.5200 33.3417 -75.7924 5795.3508 8
12 0 40.2400 -15.5000 32.9003 -121.0661 6039.5907 4
12 1 40.2400 -14.2300 33.3923 -119.4750 5630.5302 6
12 2 40.2400 -12.9600 33.8489 -117.8521 5597.3813 8
12 3 40.2400 -11.6900 34.2683 -116.1989 5552.9506 9
12 4 40.2400 -10.4200 34.6491 -114.5177 5513.3467 11
12 5 40.2400 -9.1500 34.9898 -112.8104 5484.7422 12
12 6 40.2400 -7.8800 35.2892 -111.0797 5463.0189 13
12 7 40.2400 -6.6100 35.5462 -109.3284 5450.5717 13
12 8 40.2400 -5.3400 35.7596 -107.5592 5421.7489 14
12 9 40.2400 -4.0700 35.9286 -105.7754 5421.0272 16
12 10 40.2400 -2.8000 36.0526 -103.9804 5428.6301 13
12 11 40.2400 -1.5300 36.1310 -102.1774 5462.9956 15
12 12 40.2400 -0.2600 36.1634 -100.3702 5520.1542 19
12 13 40.2400 1.0100 36.1498 -98.5622 5563.5935 19
12 14 40.2400 2.2800 36.0902 -96.7571 5629.0378 19
12 15 40.2400 3.5500 35.9849 -94.9584 5684.0563 21
12 16 40.2400 4.8200 35.8342 -93.1696 5729.1341 20
12 17 40.2400 6.0900 35.6389 -91.3941 5760.0561 21
12 18 40.2400 7.3600 35.3996 -89.6350 5782.2186 21
12 19 40.2400 8.6300 35.1175 -87.8955 5787.2558 17
12 20 40.2400 9.9000 34.7935 -86.1784 5801.1293 19
12 21 40.2400 11.1700 34.4289 -84.4862 5809.3377 19
12 22 40.2400 12.4400 34.0252 -82.8213 5810.8876 17
12 23 40.2400 13.7100 33.5836 -81.1857 5810.2576 15
12 24 40.2400 14.9800 33.1059 -79.5814 5807.2510 13
12 25 40.2400 16.2500 32.5937 -78.0098 5801.6594 12
12 26 40.2400 17.5200 32.0486 -76.4723 5815.7944 7
13 0 41.5100 -15.5000 31.5839 -120.4758 5245.2325 4
13 1 41.5100 -14.2300 32.0566 -118.9222 4900.5929 5
13 2 41.5100 -12.9600 32.4949 -117.3391 5732.0304 7
13 3 41.5100 -11.6900 32.8973 -115.7282 5641.9077 6
13 4 41.5100 -10.4200 33.2625 -114.0914 5573.4294 8
13 5 41.5100 -9.1500 33.5892 -112.4309 5529.3622 9
13 6 41.5100 -7.8800 33.8761 -110.7488 5497.2861 9
13 7 41.5100 -6.6100 34.1222 -109.0477 5467.0190 11
13 8 41.5100 -5.3400 34.3265 -107.3305 5455.6728 12
13 9 41.5100 -4.0700 34.4884 -105.5999 5428.7668 16
13 10 41.5100 -2.8000 34.6070 -103.8590 5439.4163 17
13 11 41.5100 -1.5300 34.6820 -102.1109 5478.6876 17
13 12 41.5100 -0.2600 34.7130 -100.3589 5525.5789 21
13 13 41.5100 1.0100 34.7000 -98.6062 5574.9649 19
13 14 41.5100 2.2800 34.6430 -96.8561 5649.0097 19
13 15 41.5100 3.5500 34.5422 -95.1119 5699.3430 18
13 16 41.5100 4.8200 34.3980 -93.3767 5745.9539 18
13 17 41.5100 6.0900 34.2110 -91.6536 5780.5794 19
13 18 41.5100 7.3600 33.9818 -89.9456 5805.5096 20
13 19 41.5100 8.6300 33.7115 -88.2554 5811.7118 17
13 20 41.5100 9.9000 33.4010 -86.5857 5821.2674 18
13 21 41.5100 11.1700 33.0514 -84.9389 5827.2016 16
13 22 41.5100 12.4400 32.6641 -83.3172 5828.1216 15
13 23 41.5100 13.7100 32.2403 -81.7225 5823.9021 11
13 24 41.5100 14.9800 31.7815 -80.1567 5820.8794 12
13 25 41.5100 16.2500 31.2892 -78.6211 5820.4960 12
13 26 41.5100 17.5200 30.7650 -77.1170 5827.0952 10
14 0 42.7800 -15.5000 30.2793 -119.9164 531.8167 2
14 1 42.7800 -14.2300 30.7336 -118.3988 -3996429.2250 4
14 2 42.7800 -12.9600 31.1546 -116.8539 5493.9906 6
14 3 42.7800 -11.6900 31.5410 -115.2834 5552.1785 6
14 4 42.7800 -10.4200 31.8914 -113.6891 5626.7136 8
14 5 42.7800 -9.1500 32.2047 -112.0728 5587.9318 8
14 6 42.7800 -7.8800 32.4798 -110.4368 5548.5807 8
14 7 42.7800 -6.6100 32.7157 -108.7834 5515.5857 9
14 8 42.7800 -5.3400 32.9115 -107.1151 5485.9044 10
14 9 42.7800 -4.0700 33.0665 -105.4346 5464.9676 13
14 10 42.7800 -2.8000 33.1801 -103.7447 5468.8108 14
14 11 42.7800 -1.5300 33.2519 -102.0483 5481.9715 11
14 12 42.7800 -0.2600 33.2816 -100.3482 5550.7631 15
14 13 42.7800 1.0100 33.2692 -98.6475 5615.4284 18
14 14 42.7800 2.2800 33.2146 -96.9493 5672.5256 20
14 15 42.7800 3.5500 33.1180 -95.2563 5717.5851 21
14 16 42.7800 4.8200 32.9799 -93.5716 5763.2813 17
14 17 42.7800 6.0900 32.8007 -91.8980 5796.2387 16
14 18 42.7800 7.3600 32.5812 -90.2382 5825.6657 16
14 19 42.7800 8.6300 32.3220 -88.5948 5831.3100 15
14 20 42.7800 9.9000 32.0242 -86.9702 5840.4745 16
14 21 42.7800 11.1700 31.6889 -85.3666 5844.2594 14
14 22 42.7800 12.4400 31.3171 -83.7861 5840.9973 12
14 23 42.7800 13.7100 30.9101 -82.2305 5840.9954 14
14 24 42.7800 14.9800 30.4693 -80.7016 5840.5084 13
14 25 42.7800 16.2500 29.9960 -79.2007 5842.4014 13
14 26 42.7800 17.5200 29.4918 -77.7291 5857.3035 10
15 0 44.0500 -15.5000 28.9872 -119.3856 923.7708 2
15 1 44.0500 -14.2300 29.4240 -117.9026 11842.3470 2
15 2 44.0500 -12.9600 29.8285 -116.3945 5274.8042 6
15 3 44.0500 -11.6900 30.1996 -114.8626 5370.0643 6
15 4 44.0500 -10.4200 30.5360 -113.3086 5789.1172 7
15 5 44.0500 -9.1500 30.8367 -111.7345 5637.6740 8
15 6 44.0500 -7.8800 31.1006 -110.1422 5593.6205 7
15 7 44.0500 -6.6100 31.3268 -108.5339 5501.5640 6
15 8 44.0500 -5.3400 31.5145 -106.9120 5547.4503 9
15 9 44.0500 -4.0700 31.6631 -105.2789 5532.2751 9
15 10 44.0500 -2.8000 31.7720 -103.6371 5515.9108 12
15 11 44.0500 -1.5300 31.8408 -101.9893 5539.0163 12
15 12 44.0500 -0.2600 31.8693 -100.3382 5567.8417 15
15 13 44.0500 1.0100 31.8573 -98.6865 5653.9642 16
15 14 44.0500 2.2800 31.8050 -97.0371 5702.0788 19
15 15 44.0500 3.5500 31.7125 -95.3925 5755.6017 19
15 16 44.0500 4.8200 31.5801 -93.7555 5785.4910 15
15 17 44.0500 6.0900 31.4083 -92.1286 5818.1358 16
15 18 44.0500 7.3600 31.1978 -90.5145 5841.9679 14
15 19 44.0500 8.6300 30.9493 -88.9154 5850.0257 14
15 20 44.0500 9.9000 30.6635 -87.3335 5857.2456 16
15 21 44.0500 11.1700 30.3416 -85.7711 5861.8021 12
15 22 44.0500 12.4400 29.9846 -84.2300 5855.6146 14
15 23 44.0500 13.7100 29.5936 -82.7119 5855.5348 12
15 24 44.0500 14.9800 29.1698 -81.2185 5853.2518 11
15 25 44.0500 16.2500 28.7147 -79.7510 5859.0088 11
15 26 44.0500 17.5200 28.2295 -78.3108 5882.2444 9
16 0 45.3200 -15.5000 27.7080 -118.8813 -2576.1182 2
16 1 45.3200 -14.2300 28.1281 -117.4317 3753.8257 2
16 2 45.3200 -12.9600 28.5170 -115.9588 9691.0825 4
16 3 45.3200 -11.6900 28.8736 -114.4638 -12171.6802 4
16 4 45.3200 -10.4200 29.1967 -112.9484 5410.2649 6
16 5 45.3200 -9.1500 29.4854 -111.4144 5207.1433 5
16 6 45.3200 -7.8800 29.7387 -109.8637 5432.6676 5
16 7 45.3200 -6.6100 29.9557 -108.2982 5673.7105 7
16 8 45.3200 -5.3400 30.1358 -106.7201 5625.2259 9
16 9 45.3200 -4.0700 30.2783 -105.1317 5587.2288 8
16 10 45.3200 -2.8000 30.3827 -103.5354 5594.2557 11
16 11 45.3200 -1.5300 30.4487 -101.9336 5607.3564 12
16 12 45.3200 -0.2600 30.4760 -100.3287 5641.1063 14
16 13 45.3200 1.0100 30.4645 -98.7233 5693.1980 13
16 14 45.3200 2.2800 30.4144 -97.1199 5745.1202 17
16 15 45.3200 3.5500 30.3257 -95.5211 5780.0066 16
16 16 45.3200 4.8200 30.1987 -93.9291 5812.5133 16
16 17 45.3200 6.0900 30.0340 -92.3466 5841.4423 12
16 18 45.3200 7.3600 29.8320 -90.7757 5866.4686 14
16 19 45.3200 8.6300 29.5934 -89.2186 5864.1563 12
16 20 45.3200 9.9000 29.3191 -87.6775 5874.7446 12
16 21 45.3200 11.1700 29.0100 -86.1543 5863.5647 13
16 22 45.3200 12.4400 28.6670 -84.6508 5864.5633 13
16 23 45.3200 13.7100 28.2911 -83.1686 5865.4638 12
16 24 45.3200 14.9800 27.8837 -81.7093 5864.9984 11
16 25 45.3200 16.2500 27.4458 -80.2741 5869.2117 9
16 26 45.3200 17.5200 26.9787 -78.8643 5883.4677 9
17 0 46.5900 -15.5000 26.4421 -118.4017 nan 0
17 1 46.5900 -14.2300 26.8463 -116.9843 2250.5897 2
17 2 46.5900 -12.9600 27.2203 -115.5450 6121.4362 4
17 3 46.5900 -11.6900 27.5631 -114.0854 3359.3880 3
17 4 46.5900 -10.4200 27.8737 -112.6069 -14028.3576 4
17 5 46.5900 -9.1500 28.1510 -111.1111 2783.2121 3
17 6 46.5900 -7.8800 28.3942 -109.5999 2791.1860 4
17 7 46.5900 -6.6100 28.6026 -108.0750 5611.4028 7
17 8 46.5900 -5.3400 28.7754 -106.5385 5612.7528 8
17 9 46.5900 -4.0700 28.9121 -104.9926 5622.2507 8
17 10 46.5900 -2.8000 29.0123 -103.4393 5623.4955 9
17 11 46.5900 -1.5300 29.0756 -101.8809 5670.4255 9
17 12 46.5900 -0.2600 29.1018 -100.3197 5702.4287 12
17 13 46.5900 1.0100 29.0908 -98.7581 5735.0536 13
17 14 46.5900 2.2800 29.0427 -97.1983 5767.1670 12
17 15 46.5900 3.5500 28.9576 -95.6427 5805.9760 15
17 16 46.5900 4.8200 28.8358 -94.0934 5823.8580 13
17 17 46.5900 6.0900 28.6777 -92.5528 5841.7524 11
17 18 46.5900 7.3600 28.4838 -91.0230 5837.0716 12
17 19 46.5900 8.6300 28.2547 -89.5059 5873.9144 8
17 20 46.5900 9.9000 27.9913 -88.0035 5875.4962 9
17 21 46.5900 11.1700 27.6942 -86.5178 5869.1050 12
17 22 46.5900 12.4400 27.3645 -85.0502 5867.0675 11
17 23 46.5900 13.7100 27.0031 -83.6025 5872.5089 10
17 24 46.5900 14.9800 26.6112 -82.1759 5874.5284 8
17 25 46.5900 16.2500 26.1897 -80.7719 5877.6057 8
17 26 46.5900 17.5200 25.7400 -79.3914 5879.5652 8
18 0 47.8600 -15.5000 25.1899 -117.9451 nan 0
18 1 47.8600 -14.2300 25.5790 -116.5586 nan 0
18 2 47.8600 -12.9600 25.9388 -115.1517 nan 0
18 3 47.8600 -11.6900 26.2685 -113.7260 6257.4114 2
18 4 47.8600 -10.4200 26.5671 -112.2827 8262.0351 2
18 5 47.8600 -9.1500 26.8336 -110.8234 880.5544 4
18 6 47.8600 -7.8800 27.0673 -109.3497 -2857.8544 4
18 7 47.8600 -6.6100 27.2674 -107.8634 4868.9537 4
18 8 47.8600 -5.3400 27.4334 -106.3665 5618.6675 7
18 9 47.8600 -4.0700 27.5647 -104.8607 4769.7391 5
18 10 47.8600 -2.8000 27.6608 -103.3482 5718.4898 8
18 11 47.8600 -1.5300 27.7216 -101.8310 5724.1716 8
18 12 47.8600 -0.2600 27.7468 -100.3113 5742.4456 7
18 13 47.8600 1.0100 27.7362 -98.7911 5782.6029 9
18 14 47.8600 2.2800 27.6900 -97.2726 5805.2892 10
18 15 47.8600 3.5500 27.6083 -95.7579 5817.4353 10
18 16 47.8600 4.8200 27.4914 -94.2491 5833.9990 11
18 17 47.8600 6.0900 27.3395 -92.7483 5842.3939 9
18 18 47.8600 7.3600 27.1533 -91.2574 5858.6926 8
18 19 47.8600 8.6300 26.9333 -89.7784 28507.0131 5
18 20 47.8600 9.9000 26.6801 -88.3130 6036.6820 5
18 21 47.8600 11.1700 26.3946 -86.8630 5830.5946 8
18 22 47.8600 12.4400 26.0775 -85.4298 5846.2761 9
18 23 47.8600 13.7100 25.7299 -84.0151 5864.6221 8
18 24 47.8600 14.9800 25.3527 -82.6201 5873.9194 8
18 25 47.8600 16.2500 24.9469 -81.2460 5882.0989 8
18 26 47.8600 17.5200 24.5137 -79.8940 5900.8764 7
19 0 49.1300 -15.5000 23.9518 -117.5099 nan 0
19 1 49.1300 -14.2300 24.3264 -116.1531 nan 0
19 2 49.1300 -12.9600 24.6728 -114.7774 nan 0
19 3 49.1300 -11.6900 24.9900 -113.3841 nan 0
19 4 49.1300 -10.4200 25.2771 -111.9744 2836.2538 1
19 5 49.1300 -9.1500 25.5333 -110.5499 -12393.6137 1
19 6 49.1300 -7.8800 25.7580 -109.1121 -2341.4940 1
19 7 49.1300 -6.6100 25.9503 -107.6626 -12786.2279 2
19 8 49.1300 -5.3400 26.1098 -106.2032 17244.4678 4
19 9 49.1300 -4.0700 26.2359 -104.7357 5789.1441 5
19 10 49.1300 -2.8000 26.3283 -103.2619 5748.1809 8
19 11 49.1300 -1.5300 26.3866 -101.7837 5759.2547 7
19 12 49.1300 -0.2600 26.4108 -100.3032 2934.1005 6
19 13 49.1300 1.0100 26.4006 -98.8223 5812.1187 7
19 14 49.1300 2.2800 26.3563 -97.3430 5833.3426 7
19 15 49.1300 3.5500 26.2778 -95.8671 5782.3963 7
19 16 49.1300 4.8200 26.1655 -94.3968 5867.2854 7
19 17 49.1300 6.0900 26.0196 -92.9338 3910.7473 5
19 18 49.1300 7.3600 25.8406 -91.4801 3822.3989 5
19 19 49.1300 8.6300 25.6292 -90.0373 14562.0968 2
19 20 49.1300 9.9000 25.3858 -88.6071 6005.8726 4
19 21 49.1300 11.1700 25.1112 -87.1912 6540.4914 5
19 22 49.1300 12.4400 24.8062 -85.7910 5820.3160 6
19 23 49.1300 13.7100 24.4717 -84.4079 5856.0740 7
19 24 49.1300 14.9800 24.1085 -83.0433 5879.4652 6
19 25 49.1300 16.2500 23.7177 -81.6981 4892.9387 5
19 26 49.1300 17.5200 23.3003 -80.3735 4919.4090 5
20 0 50.4000 -15.5000 22.7280 -117.0947 nan 0
20 1 50.4000 -14.2300 23.0888 -115.7666 nan 0
20 2 50.4000 -12.9600 23.4223 -114.4208 nan 0
20 3 50.4000 -11.6900 23.7276 -113.0585 nan 0
20 4 50.4000 -10.4200 24.0038 -111.6811 2966.1346 1
20 5 50.4000 -9.1500 24.2503 -110.2898 -6252.6552 1
20 6 50.4000 -7.8800 24.4663 -108.8862 19041.2387 1
20 7 50.4000 -6.6100 24.6513 -107.4717 -32419.3803 1
20 8 50.4000 -5.3400 24.8045 -106.0481 5767.0273 1
20 9 50.4000 -4.0700 24.9258 -104.6168 26697.8713 3
20 10 50.4000 -2.8000 25.0145 -103.1798 5889.2955 6
20 11 50.4000 -1.5300 25.0706 -101.7388 5872.0608 6
20 12 50.4000 -0.2600 25.0938 -100.2956 5863.6830 7
20 13 50.4000 1.0100 25.0841 -98.8520 5969.3178 6
20 14 50.4000 2.2800 25.0415 -97.4098 5841.0230 7
20 15 50.4000 3.5500 24.9660 -95.9709 5740.7895 6
20 16 50.4000 4.8200 24.8581 -94.5371 -4545.2212 4
20 17 50.4000 6.0900 24.7179 -93.1102 4418.0119 5
20 18 50.4000 7.3600 24.5458 -91.6917 10664.6704 5
20 19 50.4000 8.6300 24.3425 -90.2835 -2595.2023 1
20 20 50.4000 9.9000 24.1084 -88.8870 15302.8986 1
20 21 50.4000 11.1700 23.8442 -87.5037 4504.0928 3
20 22 50.4000 12.4400 23.5507 -86.1351 30202.1958 4
20 23 50.4000 13.7100 23.2287 -84.7824 5197.2995 5
20 24 50.4000 14.9800 22.8790 -83.4469 5180.6766 5
20 25 50.4000 16.2500 22.5025 -82.1296 4721.3394 5
20 26 50.4000 17.5200 22.1002 -80.8316 4791.3553 5
